<?xml version="1.0" encoding="UTF-8" standalone="no"?>
<!DOCTYPE svg PUBLIC "-//W3C//DTD SVG 20010904//EN"
              "http://www.w3.org/TR/2001/REC-SVG-20010904/DTD/svg10.dtd">

<svg xmlns="http://www.w3.org/2000/svg"
     width="1.66667in" height="1.66667in"
     viewBox="0 0 150 150">
  <path id="Imported Path"
        fill="none" stroke="black" stroke-width="1"
        d="M 56.90,90.50
           C 56.90,90.50 23.10,90.50 23.10,90.50M 61.90,140.80
           C 61.90,140.80 61.90,140.80 61.90,140.80
             61.90,138.40 59.90,136.50 57.60,136.50
             57.60,136.50 22.60,136.50 22.60,136.50
             20.20,136.50 18.30,138.50 18.30,140.80
             18.30,140.80 18.30,140.80 18.30,140.80M 40.00,136.30
           C 40.00,136.30 40.00,103.80 40.00,103.80M 18.30,98.00
           C 18.30,98.00 18.30,103.80 18.30,103.80
             18.30,103.80 61.80,103.80 61.80,103.80
             61.80,103.80 61.80,98.00 61.80,98.00
             61.80,98.00 18.30,98.00 18.30,98.00 Z
           M 40.00,64.50
           C 40.00,64.50 40.00,85.00 40.00,85.00M 67.90,91.50
           C 67.90,87.90 65.00,85.00 61.40,85.00
             61.40,85.00 18.60,85.00 18.60,85.00
             15.00,85.00 12.10,87.90 12.10,91.50
             12.10,91.50 12.10,91.50 12.10,91.50
             12.10,95.10 15.00,98.00 18.60,98.00
             18.60,98.00 61.40,98.00 61.40,98.00
             65.00,98.00 67.90,95.10 67.90,91.50
             67.90,91.50 67.90,91.50 67.90,91.50 Z
           M 67.90,64.50
           C 67.90,64.50 12.10,64.50 12.10,64.50M 40.10,15.30
           C 28.60,15.30 19.30,24.60 19.30,36.10M 67.90,64.60
           C 67.90,64.60 67.90,34.30 67.90,34.30
             67.90,20.50 56.70,9.30 42.90,9.30
             42.90,9.30 37.10,9.30 37.10,9.30
             23.30,9.30 12.10,20.50 12.10,34.30
             12.10,34.30 12.10,64.50 12.10,64.50M 126.90,90.50
           C 126.90,90.50 93.10,90.50 93.10,90.50M 131.90,140.80
           C 131.90,140.80 131.90,140.80 131.90,140.80
             131.90,138.40 129.90,136.50 127.60,136.50
             127.60,136.50 92.60,136.50 92.60,136.50
             90.20,136.50 88.30,138.50 88.30,140.80
             88.30,140.80 88.30,140.80 88.30,140.80M 110.00,136.30
           C 110.00,136.30 110.00,103.80 110.00,103.80M 88.30,98.00
           C 88.30,98.00 88.30,103.80 88.30,103.80
             88.30,103.80 131.80,103.80 131.80,103.80
             131.80,103.80 131.80,98.00 131.80,98.00
             131.80,98.00 88.30,98.00 88.30,98.00 Z
           M 110.00,64.50
           C 110.00,64.50 110.00,85.00 110.00,85.00M 137.90,91.50
           C 137.90,87.90 135.00,85.00 131.40,85.00
             131.40,85.00 88.60,85.00 88.60,85.00
             85.00,85.00 82.10,87.90 82.10,91.50
             82.10,91.50 82.10,91.50 82.10,91.50
             82.10,95.10 85.00,98.00 88.60,98.00
             88.60,98.00 131.40,98.00 131.40,98.00
             135.00,98.00 137.90,95.10 137.90,91.50
             137.90,91.50 137.90,91.50 137.90,91.50 Z
           M 137.90,64.50
           C 137.90,64.50 82.10,64.50 82.10,64.50M 110.10,15.30
           C 98.60,15.30 89.30,24.60 89.30,36.10M 137.90,64.60
           C 137.90,64.60 137.90,34.30 137.90,34.30
             137.90,20.50 126.70,9.30 112.90,9.30
             112.90,9.30 107.10,9.30 107.10,9.30
             93.30,9.30 82.10,20.50 82.10,34.30
             82.10,34.30 82.10,64.50 82.10,64.50" />
</svg>
